A*
100 100
3546 17 14
1865 36 71
750
3507 44 34 1865
3527 95 65 3507
2395 69 41 3527
1937 61 65 2395
3595 30 95 1937
2357 86 86 3595
2396 44 76 2357
2167 72 18 2396
2693 45 94 2167
2003 42 67 2693
3017 97 57 2003
2382 33 21 3017
3466 56 1 2382
2058 35 76 3466
3542 35 43 2058
2702 19 24 3542
2714 70 40 2702
2295 23 7 2714
2136 19 71 2295
2473 5 62 2136
3020 6 13 2473
2721 27 63 3020
1803 3 10 2721
2730 21 36 1803
3576 18 87 2730
2444 92 24 3576
3033 82 7 2444
2865 39 47 3033
2423 82 81 2865
3524 61 60 2423
3307 34 0 3524
1896 82 6 3307
2384 97 10 1896
3579 29 88 2384
2914 13 27 3579
2195 69 84 2914
2709 73 84 2195
1974 9 83 2709
3583 4 45 1974
2087 28 98 3583
3132 77 28 2087
1976 0 78 3132
2656 33 51 1976
3287 71 67 2656
2289 59 28 3287
1848 89 57 2289
3287 37 12 1848
2071 61 99 3287
3404 25 97 2071
2046 95 97 3404
1949 62 44 2046
2520 25 24 1949
2036 84 59 2520
1876 34 86 2036
2406 35 41 1876
2528 95 55 2406
2441 80 56 2528
1863 5 92 2441
2397 22 82 1863
3379 19 6 2397
2532 70 82 3379
2865 50 37 2532
2414 3 57 2865
1950 99 1 2414
3548 66 30 1950
2916 88 41 3548
3418 83 52 2916
2548 46 83 3418
2827 83 5 2548
2975 23 95 2827
2805 64 18 2975
1881 21 97 2805
1867 76 64 1881
3455 49 76 1867
2926 20 94 3455
2673 48 11 2926
2608 68 80 2673
2985 15 30 2608
2528 71 76 2985
2219 82 12 2528
2212 65 94 2219
3201 86 8 2212
3342 3 76 3201
2818 60 60 3342
3243 2 12 2818
2058 11 2 3243
2753 69 83 2058
2403 5 16 2753
2616 22 44 2403
2020 25 31 2616
2247 64 8 2020
2654 63 4 2247
2265 93 61 2654
2073 74 36 2265
3333 76 27 2073
2168 97 40 3333
2137 34 14 2168
3303 76 97 2137
3327 18 50 3303
2940 82 85 3327
1948 98 43 2940
3564 43 67 1948
2909 8 97 3564
3030 24 62 2909
2413 54 83 3030
3261 66 85 2413
2045 28 38 3261
2642 92 19 2045
2716 50 24 2642
2689 9 85 2716
3423 86 8 2689
2456 66 10 3423
3221 40 8 2456
3513 87 22 3221
3267 48 70 3513
3435 19 25 3267
2541 9 91 3435
2357 67 30 2541
2334 2 98 2357
2692 73 26 2334
3371 62 2 2692
3248 16 4 3371
1857 7 8 3248
2565 50 1 1857
3460 15 47 2565
1964 67 76 3460
3565 0 33 1964
3347 63 92 3565
2448 81 78 3347
2983 88 71 2448
3409 26 34 2983
2934 75 90 3409
2796 95 17 2934
2372 42 45 2796
2732 83 55 2372
2058 36 93 2732
2183 35 73 2058
2874 87 23 2183
3454 55 32 2874
2864 40 94 3454
1951 92 80 2864
2866 1 20 1951
2027 75 64 2866
3014 81 19 2027
2864 84 26 3014
3250 67 19 2864
2490 73 0 3250
3208 33 40 2490
2280 21 49 3208
2690 1 93 2280
2864 81 99 2690
3293 55 77 2864
2819 49 67 3293
3386 7 47 2819
2713 62 80 3386
2533 98 4 2713
2108 41 60 2533
2353 93 84 2108
2761 8 5 2353
2888 42 66 2761
2920 59 59 2888
2208 91 74 2920
1927 50 12 2208
2272 30 12 1927
3512 43 35 2272
3190 21 86 3512
3432 50 36 3190
2657 20 94 3432
3421 49 68 2657
3504 39 79 3421
2050 17 20 3504
3202 16 13 2050
3590 46 64 3202
2409 9 61 3590
2808 85 42 2409
2714 12 4 2808
1828 6 10 2714
2728 70 59 1828
2218 80 4 2728
1889 21 59 2218
2723 34 43 1889
2738 1 99 2723
2083 41 95 2738
3281 64 4 2083
2565 35 16 3281
2133 79 23 2565
2812 95 86 2133
2566 79 17 2812
2203 44 49 2566
3009 8 16 2203
2902 3 55 3009
2649 89 33 2902
1825 22 5 2649
2805 58 6 1825
2839 72 60 2805
3159 81 84 2839
2010 16 33 3159
3227 72 23 2010
3338 1 63 3227
2975 10 83 3338
3365 82 7 2975
3225 78 89 3365
3402 41 64 3225
3104 80 62 3402
1909 50 12 3104
1842 7 86 1909
2434 31 36 1842
2370 61 27 2434
3169 46 42 2370
2889 44 29 3169
3242 90 87 2889
2181 14 26 3242
2110 66 99 2181
2566 28 49 2110
3281 52 8 2566
2683 82 74 3281
3232 33 23 2683
3193 0 30 3232
1823 30 86 3193
1991 45 53 1823
2412 74 49 1991
3293 22 84 2412
3255 60 28 3293
2684 12 69 3255
2093 29 18 2684
2895 85 86 2093
2109 92 8 2895
2186 20 55 2109
3220 5 53 2186
2748 69 12 3220
3262 46 34 2748
3021 65 23 3262
3298 52 67 3021
3145 90 38 3298
2383 13 13 3145
1871 43 56 2383
2936 43 62 1871
2946 45 26 2936
3513 15 25 2946
1909 73 64 3513
3439 78 71 1909
1855 76 46 3439
2665 69 26 1855
1906 23 73 2665
2561 42 70 1906
2061 70 50 2561
2533 1 93 2061
2024 83 42 2533
3126 39 5 2024
3546 24 22 3126
3550 35 25 3126
3267 66 5 1865
3116 9 42 3267
1943 2 6 3116
2684 6 80 1943
2395 37 64 2684
2695 66 22 2395
2468 45 63 2695
2963 44 65 2468
2380 81 76 2963
1901 5 37 2380
3479 68 65 1901
2563 97 14 3479
3312 98 73 2563
2201 94 11 3312
2395 33 7 2201
2430 53 88 2395
2481 55 3 2430
2635 52 10 2481
2540 63 92 2635
2892 4 57 2540
2415 80 61 2892
2360 66 4 2415
3570 29 81 2360
2104 57 26 3570
3099 33 13 2104
2363 96 62 3099
2166 16 64 2363
2321 38 0 2166
2690 35 14 2321
2181 46 80 2690
2966 84 1 2181
3285 72 92 2966
2762 51 59 3285
1919 87 12 2762
2500 10 1 1919
2455 99 77 2500
2534 59 40 2455
2543 63 99 2534
2920 74 5 2543
3095 28 24 2920
2770 45 59 3095
3020 4 83 2770
2038 69 98 3020
3001 48 38 2038
1988 43 82 3001
2353 20 16 1988
2066 85 53 2353
2672 2 71 2066
2612 52 83 2672
2550 31 79 2612
2048 32 37 2550
2747 76 30 2048
3554 59 96 2747
3554 16 83 3554
3447 98 16 3554
2379 68 92 3447
2399 77 35 2379
2479 21 0 2399
2674 45 23 2479
2607 14 34 2674
2176 47 96 2607
2023 87 40 2176
2604 79 7 2023
2072 95 84 2604
2396 20 19 2072
3291 4 69 2396
2736 59 3 3291
2939 72 25 2736
2727 58 22 2939
3568 2 29 2727
2592 15 83 3568
3165 94 33 2592
2391 49 76 3165
1982 0 85 2391
2686 98 34 1982
3340 22 81 2686
2820 7 47 3340
2496 92 53 2820
1914 20 6 2496
3313 58 50 1914
2079 81 69 3313
2555 41 16 2079
3543 16 59 2555
3153 16 42 3543
2138 67 32 3153
2437 40 26 2138
2586 11 14 2437
3276 52 39 2586
2594 61 14 3276
3190 29 39 2594
3119 4 86 3190
1846 91 52 3119
2549 29 37 1846
2882 85 71 2549
2332 16 1 2882
2661 94 55 2332
3029 74 45 2661
3286 80 83 3029
3090 25 17 3286
2242 5 29 3090
2580 51 19 2242
2860 45 82 2580
2048 0 28 2860
3383 39 19 2048
1818 17 53 3383
1999 62 96 1818
2362 75 50 1999
3323 27 39 2362
2172 53 69 3323
2992 7 24 2172
2763 67 38 2992
2019 18 14 2763
3582 52 7 2019
3117 33 98 3582
3094 22 20 3117
2248 91 73 3094
3342 27 8 2248
1920 16 88 3342
3395 32 46 1920
2222 73 24 3395
3209 3 77 2222
2474 31 70 3209
2156 11 43 2474
3409 7 13 2156
2912 70 63 3409
3023 68 3 2912
2217 78 47 3023
3472 13 4 2217
3593 51 8 3472
2611 37 74 3593
2235 86 10 2611
2538 40 53 2235
1810 76 20 2538
3459 26 60 1810
2708 80 21 3459
3284 20 81 2708
3429 3 70 3284
2378 77 19 3429
3323 22 39 2378
3061 82 67 3323
2753 96 22 3061
3399 76 33 2753
2225 71 68 3399
3203 39 96 2225
2528 32 9 3203
2369 75 75 2528
2410 61 61 2369
3190 7 15 2410
2144 40 37 3190
2669 59 12 2144
3046 4 10 2669
2985 78 9 3046
1954 24 94 2985
2359 62 11 1954
3400 3 43 2359
3054 44 72 3400
2062 93 97 3054
2906 64 79 2062
2028 68 14 2906
2523 11 42 2028
2106 39 95 2523
2435 80 62 2106
3152 49 22 2435
1841 65 45 3152
2751 71 53 1841
3597 16 71 2751
2736 42 22 3597
3141 63 64 2736
2963 98 24 3141
2483 61 77 2963
3233 27 27 2483
3458 60 2 3233
2765 78 44 3458
3575 28 88 2765
1911 76 54 3575
2963 81 21 1911
2146 74 11 2963
2034 97 68 2146
3185 1 98 2034
3244 74 94 3185
2158 33 74 3244
2916 44 50 2158
1839 42 77 2916
3083 94 31 1839
1929 22 73 3083
3153 87 50 1929
2027 26 7 3153
2087 39 15 2027
2716 54 43 2087
3377 5 81 2716
2791 73 51 3377
3468 65 3 2791
2167 61 50 3468
1925 20 48 2167
2896 67 60 1925
3498 96 79 2896
2461 48 12 3498
1936 60 96 2461
2677 71 69 1936
2681 31 39 2677
2863 68 71 2681
1800 2 17 2863
2167 52 98 1800
1833 59 35 2167
2462 99 39 1833
2640 13 48 2462
3031 88 26 2640
3445 68 72 3031
3269 7 33 3445
2255 76 23 3269
2317 53 1 2255
2704 5 13 2317
2114 85 86 2704
2350 85 79 2114
2390 10 68 2350
2819 88 9 2390
3492 45 65 2819
3145 66 46 3492
1897 1 42 3145
3362 65 17 1897
3251 33 68 3362
3090 20 10 3251
2216 69 49 3090
2379 87 7 2216
2745 91 2 2379
1820 11 68 2745
1975 28 76 1820
3081 40 52 1975
3219 76 51 3081
3297 4 31 3219
3261 16 25 3297
2727 5 69 3261
3016 29 99 2727
1892 97 44 3016
3449 36 32 1892
3203 55 32 3449
2425 65 83 3203
1980 76 34 2425
2783 86 34 1980
3055 84 54 2783
3489 0 6 3055
3439 66 90 3489
1931 27 50 3439
2962 94 4 1931
3074 40 96 2962
2486 61 58 3074
2601 31 81 2486
3371 25 45 2601
3546 79 41 3371
3251 8 99 3371
2440 93 64 3251
1978 3 71 2440
2879 52 57 1978
2658 28 69 2879
3214 91 82 2658
3578 13 11 3214
2158 53 32 3578
2146 20 20 2158
2651 10 2 2146
2312 48 65 2651
3447 3 73 2312
3378 31 21 3447
3544 73 95 3378
2620 28 6 3544
2521 94 75 2620
2699 0 76 2521
2240 58 69 2699
2941 55 58 2240
1959 27 64 2941
2432 54 8 1959
3523 23 70 2432
2419 13 13 3523
2689 73 3 2419
2391 84 43 2689
3404 31 56 2391
3253 27 39 3404
2882 86 55 3253
3546 79 36 2882
1974 20 75 3546
3457 87 37 1974
3561 8 10 3457
3243 64 12 3561
2530 74 20 3243
3252 37 70 2530
2427 47 48 3252
3360 76 96 2427
1964 26 71 3360
2541 78 23 1964
2069 31 64 2541
2940 26 21 2069
3533 78 74 2940
3127 54 59 3533
2204 25 73 3127
2984 61 34 2204
2173 63 86 2984
2991 43 44 2173
3480 39 95 2991
3206 92 31 3480
2546 92 82 3206
3355 60 5 2546
2474 95 15 3355
2191 54 56 2474
3161 35 63 2191
2381 94 86 3161
2531 24 36 2381
3212 66 18 2531
1842 72 23 3212
2652 98 28 1842
2692 53 8 2652
3281 84 90 2692
3439 9 44 3281
2927 76 98 3439
3289 29 37 2927
3408 10 75 3289
2282 25 92 3408
3094 76 26 2282
3126 19 12 3094
3427 61 88 3126
2748 49 32 3427
1801 72 77 2748
1806 29 94 1801
2949 73 88 1806
2734 98 73 2949
1802 49 17 2734
2927 70 94 1802
2184 28 74 2927
2848 2 56 2184
2508 1 15 2848
2954 90 76 2508
2210 78 23 2954
2970 89 67 2210
3437 19 63 2970
1931 54 24 3437
1988 50 3 1931
2900 20 27 1988
2099 30 49 2900
3185 19 65 2099
2033 77 55 3185
2072 72 31 2033
1919 14 82 2072
2263 72 47 1919
2743 75 65 2263
2905 21 99 2743
2056 44 86 2905
2624 39 43 2056
2246 50 69 2624
2024 7 45 2246
2012 16 29 2024
3217 79 54 2012
3143 43 93 3217
1892 26 41 3143
2391 99 39 1892
2756 76 4 2391
3090 93 68 2756
2153 63 4 3090
2829 5 60 2153
2187 26 17 2829
3565 46 64 2187
2188 99 89 3565
3204 37 47 2188
3448 4 21 3204
2915 36 56 3448
2037 47 80 2915
2668 80 50 2037
2933 6 9 2668
2172 23 36 2933
2841 47 25 2172
3136 4 96 2841
2289 68 90 3136
3052 95 75 2289
3182 56 92 3052
2979 93 8 3182
2209 3 36 2979
3443 64 4 2209
2173 70 37 3443
2607 3 41 2173
2106 39 90 2607
2182 29 87 2106
1968 14 16 2182
1910 42 33 1968
2049 30 40 1910
3211 74 4 2049
2261 34 49 3211
2919 65 73 2261
1895 53 69 2919
1874 96 97 1895
2921 75 79 1874
3205 96 85 2921
2446 51 48 3205
3258 1 26 2446
2607 64 19 3258
2247 58 61 2607
2410 7 17 2247
3124 82 90 2410
2095 42 77 3124
3084 29 59 2095
2146 85 30 3084
2035 26 54 2146
2640 62 47 2035
3567 0 21 2640
2144 98 74 3567
2040 67 42 2144
2275 67 87 2040
3134 57 77 2275
2456 68 52 3134
3136 80 73 2456
2431 16 93 3136
3340 70 96 2431
2206 12 53 3340
3596 95 17 2206
2199 82 63 3596
2379 22 40 2199
2411 30 15 2379
1992 53 63 2411
1801 56 96 1992
3361 18 26 1801
2949 29 51 3361
3405 40 58 2949
1879 65 80 3405
3265 84 25 1879
2777 74 41 3265
3009 89 49 2777
3534 75 8 3009
3084 82 27 3534
2355 6 60 3084
2168 38 78 2355
2690 79 11 2168
2659 99 40 2690
3224 94 79 2659
3316 60 93 3224
2471 21 81 3316
3420 72 93 2471
2793 76 10 3420
2729 64 86 2793
3381 22 89 2729
3528 17 1 3381
2579 79 58 3528
2811 85 76 2579
1929 73 99 2811
3490 78 90 1929
3113 63 81 3490
1966 50 0 3113
2923 69 84 1966
3352 7 28 2923
3522 47 39 3352
2910 95 57 3522
1810 88 14 2910
1888 79 49 1810
2432 40 26 1888
3369 50 53 2432
2218 99 65 3369
2101 89 57 2218
2052 53 73 2101
3581 69 1 2052
2088 26 63 3581
2799 4 66 2088
2214 38 32 2799
2423 15 31 2214
3424 81 55 2423
2152 90 21 3424
2028 69 65 2152
3370 69 41 2028
2623 8 69 3370
1864 13 13 2623
2104 38 9 1864
3272 95 68 2104
2731 30 46 3272
3081 35 7 2731
2654 1 70 3081
1949 13 58 2654
2233 71 50 1949
2139 29 88 2233
2026 0 44 2139
3523 55 5 2026
2668 64 79 3523
2867 31 84 2668
3442 56 80 2867
2370 85 71 3442
2355 45 89 2370
3001 82 66 2355
2943 82 81 3001
3023 18 37 2943
2375 27 7 3023
2037 30 17 2375
2343 0 84 2037
2413 44 27 2343
1843 25 35 2413
2257 16 34 1843
2159 65 87 2257
3588 29 94 2159
2559 75 77 3588
2916 64 45 2559
2189 54 80 2916
3301 59 5 2189
3054 73 83 3301
3387 60 57 3054
1886 66 71 3387
2773 91 52 1886
2735 88 59 2773